11008,28,ERNSH,7,3,12,1998-04-08 00:00:00,1998-05-06 00:00:00,,79,46,5,0000001E-2,70,False,45,6,3111,86,19980506,19980408,0,79,46,12,3,ERNSH,28,7,28,28,ERNSH,20,7,7,3,3,12,12,19980408,19980506
11008,34,ERNSH,7,3,16,1998-04-08 00:00:00,1998-05-06 00:00:00,,79,46,5,0000001E-2,90,False,14,1276,46,19980506,19980408,0,79,46,16,3,ERNSH,34,7,34,34,ERNSH,20,7,7,3,3,16,16,19980408,19980506
11008,71,ERNSH,7,3,15,1998-04-08 00:00:00,1998-05-06 00:00:00,,79,46,0,21,False,21,5,530,96,19980506,19980408,0,79,46,15,3,ERNSH,71,7,71,71,ERNSH,20,7,7,3,3,15,15,19980408,19980506
11019,46,RANCH,,3,21,1998-04-13 00:00:00,1998-05-11 00:00:00,,3,17,0,3,True,12,39,17,19980511,19980413,0,3,17,21,3,RANCH,46,0,46,46,RANCH,64,0,0,3,3,21,21,19980413,19980511
11019,49,RANCH,,3,23,1998-04-13 00:00:00,1998-05-11 00:00:00,,3,17,0,2,True,20,43,17,19980511,19980413,0,3,17,23,3,RANCH,49,0,49,49,RANCH,64,0,0,3,3,23,23,19980413,19980511
11039,28,LINOD,1,2,12,1998-04-21 00:00:00,1998-05-19 00:00:00,,65,0,20,False,45,6,977,19980519,19980421,0,65,12,2,LINOD,28,1,28,28,LINOD,47,1,1,2,2,12,12,19980421,19980519
11039,35,LINOD,1,2,16,1998-04-21 00:00:00,1998-05-19 00:00:00,,65,0,24,False,18,497,19980519,19980421,0,65,16,2,LINOD,35,1,35,35,LINOD,47,1,1,2,2,16,16,19980421,19980519
11039,49,LINOD,1,2,23,1998-04-21 00:00:00,1998-05-19 00:00:00,,65,0,60,False,20,1265,19980519,19980421,0,65,23,2,LINOD,49,1,49,49,LINOD,47,1,1,2,2,23,23,19980421,19980519
11039,57,LINOD,1,2,26,1998-04-21 00:00:00,1998-05-19 00:00:00,,65,0,28,False,19,5,611,19980519,19980421,0,65,26,2,LINOD,57,1,57,57,LINOD,47,1,1,2,2,26,26,19980421,19980519
11040,21,GREAL,,3,8,1998-04-22 00:00:00,1998-05-20 00:00:00,,18,84,0,20,True,10,218,84,19980520,19980422,0,18,84,8,3,GREAL,21,0,21,21,GREAL,32,0,0,3,3,8,8,19980422,19980520
11045,33,BOTTM,6,2,15,1998-04-23 00:00:00,1998-05-21 00:00:00,,70,58,0,15,False,2,5,108,08,19980521,19980423,0,70,58,15,2,BOTTM,33,6,33,33,BOTTM,10,6,6,2,2,15,15,19980423,19980521
11045,51,BOTTM,6,2,24,1998-04-23 00:00:00,1998-05-21 00:00:00,,70,58,0,24,False,53,1342,58,19980521,19980423,0,70,58,24,2,BOTTM,51,6,51,51,BOTTM,10,6,6,2,2,24,24,19980423,19980521
11051,24,LAMAI,7,3,10,1998-04-27 00:00:00,1998-05-25 00:00:00,,2,79,0,2,10,False,4,5,38,79,19980525,19980427,0,2,79,10,3,LAMAI,24,7,24,24,LAMAI,41,7,7,3,3,10,10,19980427,19980525
11054,33,CACTU,8,1,15,1998-04-28 00:00:00,1998-05-26 00:00:00,,0,33,0,10,False,2,5,25,33,19980526,19980428,0,0,33,15,1,CACTU,33,8,33,33,CACTU,12,8,8,1,1,15,15,19980428,19980526
11054,67,CACTU,8,1,16,1998-04-28 00:00:00,1998-05-26 00:00:00,,0,33,0,20,False,14,280,33,19980526,19980428,0,0,33,16,1,CACTU,67,8,67,67,CACTU,12,8,8,1,1,16,16,19980428,19980526
11058,21,BLAUS,,3,8,1998-04-29 00:00:00,1998-05-27 00:00:00,,31,14,0,3,True,10,61,14,19980527,19980429,0,31,14,8,3,BLAUS,21,0,21,21,BLAUS,6,0,0,3,3,8,8,19980429,19980527
11058,60,BLAUS,,3,28,1998-04-29 00:00:00,1998-05-27 00:00:00,,31,14,0,21,True,34,745,14,19980527,19980429,0,31,14,28,3,BLAUS,60,0,60,60,BLAUS,6,0,0,3,3,28,28,19980429,19980527
11058,61,BLAUS,,3,29,1998-04-29 00:00:00,1998-05-27 00:00:00,,31,14,0,4,True,28,5,145,14,19980527,19980429,0,31,14,29,3,BLAUS,61,0,61,61,BLAUS,6,0,0,3,3,29,29,19980429,19980527
11059,13,RICAR,2,2,6,1998-04-29 00:00:00,1998-06-10 00:00:00,,85,8,0,30,False,6,265,8,19980610,19980429,0,85,8,6,2,RICAR,13,2,13,13,RICAR,67,2,2,2,2,6,6,19980429,19980610
11059,17,RICAR,2,2,7,1998-04-29 00:00:00,1998-06-10 00:00:00,,85,8,0,12,False,39,553,8,19980610,19980429,0,85,8,7,2,RICAR,17,2,17,17,RICAR,67,2,2,2,2,7,7,19980429,19980610
11059,60,RICAR,2,2,28,1998-04-29 00:00:00,1998-06-10 00:00:00,,85,8,0,35,False,34,1275,8,19980610,19980429,0,85,8,28,2,RICAR,60,2,60,60,RICAR,67,2,2,2,2,28,28,19980429,19980610
11061,60,GREAL,,3,28,1998-04-30 00:00:00,1998-06-11 00:00:00,,14,01,0,15,True,34,524,01,19980611,19980430,0,14,01,28,3,GREAL,60,0,60,60,GREAL,32,0,0,3,3,28,28,19980430,19980611
11062,53,REGGC,4,2,24,1998-04-30 00:00:00,1998-05-28 00:00:00,,29,93,0,2,10,False,32,8,292,33,19980528,19980430,0,29,93,24,2,REGGC,53,4,53,53,REGGC,66,4,4,2,2,24,24,19980430,19980528
11062,70,REGGC,4,2,7,1998-04-30 00:00:00,1998-05-28 00:00:00,,29,93,0,2,12,False,15,173,93,19980528,19980430,0,29,93,7,2,REGGC,70,4,70,70,REGGC,66,4,4,2,2,7,7,19980430,19980528
11065,30,LILAS,8,1,13,1998-05-01 00:00:00,1998-05-29 00:00:00,,12,91,0,25,4,False,25,89,90,58,19980529,19980501,0,12,91,13,1,LILAS,30,8,30,30,LILAS,46,8,8,1,1,13,13,19980501,19980529
11065,54,LILAS,8,1,25,1998-05-01 00:00:00,1998-05-29 00:00:00,,12,91,0,25,20,False,7,45,124,66,19980529,19980501,0,12,91,25,1,LILAS,54,8,54,54,LILAS,46,8,8,1,1,25,25,19980501,19980529
11068,28,QUEEN,8,2,12,1998-05-04 00:00:00,1998-06-01 00:00:00,,81,75,0,15000001,8,False,45,6,391,83,19980601,19980504,0,81,75,12,2,QUEEN,28,8,28,28,QUEEN,62,8,8,2,2,12,12,19980504,19980601
11068,43,QUEEN,8,2,20,1998-05-04 00:00:00,1998-06-01 00:00:00,,81,75,0,15000001,36,False,46,1489,35,19980601,19980504,0,81,75,20,2,QUEEN,43,8,43,43,QUEEN,62,8,8,2,2,20,20,19980504,19980601
11068,77,QUEEN,8,2,12,1998-05-04 00:00:00,1998-06-01 00:00:00,,81,75,0,15000001,28,False,13,391,15,19980601,19980504,0,81,75,12,2,QUEEN,77,8,77,77,QUEEN,62,8,8,2,2,12,12,19980504,19980601
11070,1,LEHMS,,1,1,1998-05-05 00:00:00,1998-06-02 00:00:00,,136,0,15000001,40,True,18,748,19980602,19980505,0,136,1,1,LEHMS,1,0,1,1,LEHMS,44,0,0,1,1,1,1,19980505,19980602
11070,2,LEHMS,,1,1,1998-05-05 00:00:00,1998-06-02 00:00:00,,136,0,15000001,20,True,19,459,19980602,19980505,0,136,1,1,LEHMS,2,0,2,2,LEHMS,44,0,0,1,1,1,1,19980505,19980602
11070,16,LEHMS,,1,7,1998-05-05 00:00:00,1998-06-02 00:00:00,,136,0,15000001,30,True,17,45,580,975,19980602,19980505,0,136,7,1,LEHMS,16,0,16,16,LEHMS,44,0,0,1,1,7,7,19980505,19980602
11070,31,LEHMS,,1,14,1998-05-05 00:00:00,1998-06-02 00:00:00,,136,0,20,True,12,5,386,19980602,19980505,0,136,14,1,LEHMS,31,0,31,31,LEHMS,44,0,0,1,1,14,14,19980505,19980602
11071,7,LILAS,1,1,3,1998-05-05 00:00:00,1998-06-02 00:00:00,,0,93,5,0000001E-2,15,False,30,428,43,19980602,19980505,0,0,93,3,1,LILAS,7,1,7,7,LILAS,46,1,1,1,1,3,3,19980505,19980602
11071,13,LILAS,1,1,6,1998-05-05 00:00:00,1998-06-02 00:00:00,,0,93,5,0000001E-2,10,False,6,57,93,19980602,19980505,0,0,93,6,1,LILAS,13,1,13,13,LILAS,46,1,1,1,1,6,6,19980505,19980602
11072,2,ERNSH,4,2,1,1998-05-05 00:00:00,1998-06-02 00:00:00,,258,64,0,8,False,19,410,64,19980602,19980505,0,258,64,1,2,ERNSH,2,4,2,2,ERNSH,20,4,4,2,2,1,1,19980505,19980602
11072,41,ERNSH,4,2,19,1998-05-05 00:00:00,1998-06-02 00:00:00,,258,64,0,40,False,9,65,644,64,19980602,19980505,0,258,64,19,2,ERNSH,41,4,41,41,ERNSH,20,4,4,2,2,19,19,19980505,19980602
11072,50,ERNSH,4,2,23,1998-05-05 00:00:00,1998-06-02 00:00:00,,258,64,0,22,False,16,25,616,14,19980602,19980505,0,258,64,23,2,ERNSH,50,4,50,50,ERNSH,20,4,4,2,2,23,23,19980505,19980602
11072,64,ERNSH,4,2,12,1998-05-05 00:00:00,1998-06-02 00:00:00,,258,64,0,130,False,33,25,4581,14,19980602,19980505,0,258,64,12,2,ERNSH,64,4,64,64,ERNSH,20,4,4,2,2,12,12,19980505,19980602
11073,11,PERIC,,2,5,1998-05-05 00:00:00,1998-06-02 00:00:00,,24,95,0,10,True,21,234,95,19980602,19980505,0,24,95,5,2,PERIC,11,0,11,11,PERIC,58,0,0,2,2,5,5,19980505,19980602
11073,24,PERIC,,2,10,1998-05-05 00:00:00,1998-06-02 00:00:00,,24,95,0,20,True,4,5,114,95,19980602,19980505,0,24,95,10,2,PERIC,24,0,24,24,PERIC,58,0,0,2,2,10,10,19980505,19980602
11074,16,SIMOB,7,2,7,1998-05-06 00:00:00,1998-06-03 00:00:00,,18,44,5,0000001E-2,14,False,17,45,250,525,19980603,19980506,0,18,44,7,2,SIMOB,16,7,16,16,SIMOB,73,7,7,2,2,7,7,19980506,19980603
11075,2,RICSU,8,2,1,1998-05-06 00:00:00,1998-06-03 00:00:00,,6,19,0,15000001,10,False,19,167,69,19980603,19980506,0,6,19,1,2,RICSU,2,8,2,2,RICSU,68,8,8,2,2,1,1,19980506,19980603
11075,46,RICSU,8,2,21,1998-05-06 00:00:00,1998-06-03 00:00:00,,6,19,0,15000001,30,False,12,312,19,19980603,19980506,0,6,19,21,2,RICSU,46,8,46,46,RICSU,68,8,8,2,2,21,21,19980506,19980603
11075,76,RICSU,8,2,23,1998-05-06 00:00:00,1998-06-03 00:00:00,,6,19,0,15000001,2,False,18,36,79,19980603,19980506,0,6,19,23,2,RICSU,76,8,76,76,RICSU,68,8,8,2,2,23,23,19980506,19980603
11076,6,BONAP,,2,3,1998-05-06 00:00:00,1998-06-03 00:00:00,,38,28,0,25,20,True,25,413,28,19980603,19980506,0,38,28,3,2,BONAP,6,0,6,6,BONAP,9,0,0,2,2,3,3,19980506,19980603
11076,14,BONAP,,2,6,1998-05-06 00:00:00,1998-06-03 00:00:00,,38,28,0,25,20,True,23,25,387,03,19980603,19980506,0,38,28,6,2,BONAP,14,0,14,14,BONAP,9,0,0,2,2,6,6,19980506,19980603
11076,19,BONAP,,2,8,1998-05-06 00:00:00,1998-06-03 00:00:00,,38,28,0,25,10,True,9,2,107,28,19980603,19980506,0,38,28,8,2,BONAP,19,0,19,19,BONAP,9,0,0,2,2,8,8,19980506,19980603
11077,2,RATTC,1,2,1,1998-05-06 00:00:00,1998-06-03 00:00:00,,8,53,0,2,24,False,19,373,33,19980603,19980506,0,8,53,1,2,RATTC,2,1,2,2,RATTC,65,1,1,2,2,1,1,19980506,19980603
11077,3,RATTC,1,2,1,1998-05-06 00:00:00,1998-06-03 00:00:00,,8,53,0,4,False,10,48,53,19980603,19980506,0,8,53,1,2,RATTC,3,1,3,3,RATTC,65,1,1,2,2,1,1,19980506,19980603
11077,4,RATTC,1,2,2,1998-05-06 00:00:00,1998-06-03 00:00:00,,8,53,0,1,False,22,30,53,19980603,19980506,0,8,53,2,2,RATTC,4,1,4,4,RATTC,65,1,1,2,2,2,2,19980506,19980603
11077,6,RATTC,1,2,3,1998-05-06 00:00:00,1998-06-03 00:00:00,,8,53,0,02,1,False,25,33,03,19980603,19980506,0,8,53,3,2,RATTC,6,1,6,6,RATTC,65,1,1,2,2,3,3,19980506,19980603
11077,7,RATTC,1,2,3,1998-05-06 00:00:00,1998-06-03 00:00:00,,8,53,5,0000001E-2,1,False,30,37,03,19980603,19980506,0,8,53,3,2,RATTC,7,1,7,7,RATTC,65,1,1,2,2,3,3,19980506,19980603
11077,8,RATTC,1,2,3,1998-05-06 00:00:00,1998-06-03 00:00:00,,8,53,0,1,2,False,40,80,53,19980603,19980506,0,8,53,3,2,RATTC,8,1,8,8,RATTC,65,1,1,2,2,3,3,19980506,19980603
11077,10,RATTC,1,2,4,1998-05-06 00:00:00,1998-06-03 00:00:00,,8,53,0,1,False,31,39,53,19980603,19980506,0,8,53,4,2,RATTC,10,1,10,10,RATTC,65,1,1,2,2,4,4,19980506,19980603
11077,12,RATTC,1,2,5,1998-05-06 00:00:00,1998-06-03 00:00:00,,8,53,5,0000001E-2,2,False,38,80,73,19980603,19980506,0,8,53,5,2,RATTC,12,1,12,12,RATTC,65,1,1,2,2,5,5,19980506,19980603
11077,13,RATTC,1,2,6,1998-05-06 00:00:00,1998-06-03 00:00:00,,8,53,0,4,False,6,32,53,19980603,19980506,0,8,53,6,2,RATTC,13,1,13,13,RATTC,65,1,1,2,2,6,6,19980506,19980603
11077,14,RATTC,1,2,6,1998-05-06 00:00:00,1998-06-03 00:00:00,,8,53,2,9999999E-2,1,False,23,25,31,0825,19980603,19980506,0,8,53,6,2,RATTC,14,1,14,14,RATTC,65,1,1,2,2,6,6,19980506,19980603
11077,16,RATTC,1,2,7,1998-05-06 00:00:00,1998-06-03 00:00:00,,8,53,2,9999999E-2,2,False,17,45,42,383,19980603,19980506,0,8,53,7,2,RATTC,16,1,16,16,RATTC,65,1,1,2,2,7,7,19980506,19980603
11077,20,RATTC,1,2,8,1998-05-06 00:00:00,1998-06-03 00:00:00,,8,53,3,9999999E-2,1,False,81,86,29,19980603,19980506,0,8,53,8,2,RATTC,20,1,20,20,RATTC,65,1,1,2,2,8,8,19980506,19980603
11077,23,RATTC,1,2,9,1998-05-06 00:00:00,1998-06-03 00:00:00,,8,53,0,2,False,9,26,53,19980603,19980506,0,8,53,9,2,RATTC,23,1,23,23,RATTC,65,1,1,2,2,9,9,19980506,19980603
11077,32,RATTC,1,2,14,1998-05-06 00:00:00,1998-06-03 00:00:00,,8,53,0,1,False,32,40,53,19980603,19980506,0,8,53,14,2,RATTC,32,1,32,32,RATTC,65,1,1,2,2,14,14,19980506,19980603
11077,39,RATTC,1,2,18,1998-05-06 00:00:00,1998-06-03 00:00:00,,8,53,5,0000001E-2,2,False,18,42,73,19980603,19980506,0,8,53,18,2,RATTC,39,1,39,39,RATTC,65,1,1,2,2,18,18,19980506,19980603
11077,41,RATTC,1,2,19,1998-05-06 00:00:00,1998-06-03 00:00:00,,8,53,0,3,False,9,65,37,48,19980603,19980506,0,8,53,19,2,RATTC,41,1,41,41,RATTC,65,1,1,2,2,19,19,19980506,19980603
11077,46,RATTC,1,2,21,1998-05-06 00:00:00,1998-06-03 00:00:00,,8,53,0,02,3,False,12,43,81,19980603,19980506,0,8,53,21,2,RATTC,46,1,46,46,RATTC,65,1,1,2,2,21,21,19980506,19980603
11077,52,RATTC,1,2,24,1998-05-06 00:00:00,1998-06-03 00:00:00,,8,53,0,2,False,7,22,53,19980603,19980506,0,8,53,24,2,RATTC,52,1,52,52,RATTC,65,1,1,2,2,24,24,19980506,19980603
11077,55,RATTC,1,2,25,1998-05-06 00:00:00,1998-06-03 00:00:00,,8,53,0,2,False,24,56,53,19980603,19980506,0,8,53,25,2,RATTC,55,1,55,55,RATTC,65,1,1,2,2,25,25,19980506,19980603
11077,60,RATTC,1,2,28,1998-05-06 00:00:00,1998-06-03 00:00:00,,8,53,5,9999999E-2,2,False,34,72,45,19980603,19980506,0,8,53,28,2,RATTC,60,1,60,60,RATTC,65,1,1,2,2,28,28,19980506,19980603
11077,64,RATTC,1,2,12,1998-05-06 00:00:00,1998-06-03 00:00:00,,8,53,2,9999999E-2,2,False,33,25,73,035,19980603,19980506,0,8,53,12,2,RATTC,64,1,64,64,RATTC,65,1,1,2,2,12,12,19980506,19980603
11077,66,RATTC,1,2,2,1998-05-06 00:00:00,1998-06-03 00:00:00,,8,53,0,1,False,17,25,53,19980603,19980506,0,8,53,2,2,RATTC,66,1,66,66,RATTC,65,1,1,2,2,2,2,19980506,19980603
11077,73,RATTC,1,2,17,1998-05-06 00:00:00,1998-06-03 00:00:00,,8,53,9,9999998E-3,2,False,15,38,23,19980603,19980506,0,8,53,17,2,RATTC,73,1,73,73,RATTC,65,1,1,2,2,17,17,19980506,19980603
11077,75,RATTC,1,2,12,1998-05-06 00:00:00,1998-06-03 00:00:00,,8,53,0,4,False,7,75,39,53,19980603,19980506,0,8,53,12,2,RATTC,75,1,75,75,RATTC,65,1,1,2,2,12,12,19980506,19980603
11077,77,RATTC,1,2,12,1998-05-06 00:00:00,1998-06-03 00:00:00,,8,53,0,2,False,13,34,53,19980603,19980506,0,8,53,12,2,RATTC,77,1,77,77,RATTC,65,1,1,2,2,12,12,19980506,19980603
11008,28,ERNSH,7,3,12,1998-04-08 00:00:00,1998-05-06 00:00:00,,79,46,5,0000001E-2,70,False,45,6,3111,86,19980506,19980408,0,79,46,12,3,ERNSH,28,7,28,28,ERNSH,20,7,7,3,3,12,12,19980408,19980506
11008,34,ERNSH,7,3,16,1998-04-08 00:00:00,1998-05-06 00:00:00,,79,46,5,0000001E-2,90,False,14,1276,46,19980506,19980408,0,79,46,16,3,ERNSH,34,7,34,34,ERNSH,20,7,7,3,3,16,16,19980408,19980506
11008,71,ERNSH,7,3,15,1998-04-08 00:00:00,1998-05-06 00:00:00,,79,46,0,21,False,21,5,530,96,19980506,19980408,0,79,46,15,3,ERNSH,71,7,71,71,ERNSH,20,7,7,3,3,15,15,19980408,19980506
11019,46,RANCH,,3,21,1998-04-13 00:00:00,1998-05-11 00:00:00,,3,17,0,3,True,12,39,17,19980511,19980413,0,3,17,21,3,RANCH,46,0,46,46,RANCH,64,0,0,3,3,21,21,19980413,19980511
11019,49,RANCH,,3,23,1998-04-13 00:00:00,1998-05-11 00:00:00,,3,17,0,2,True,20,43,17,19980511,19980413,0,3,17,23,3,RANCH,49,0,49,49,RANCH,64,0,0,3,3,23,23,19980413,19980511
11039,28,LINOD,1,2,12,1998-04-21 00:00:00,1998-05-19 00:00:00,,65,0,20,False,45,6,977,19980519,19980421,0,65,12,2,LINOD,28,1,28,28,LINOD,47,1,1,2,2,12,12,19980421,19980519
11039,35,LINOD,1,2,16,1998-04-21 00:00:00,1998-05-19 00:00:00,,65,0,24,False,18,497,19980519,19980421,0,65,16,2,LINOD,35,1,35,35,LINOD,47,1,1,2,2,16,16,19980421,19980519
11039,49,LINOD,1,2,23,1998-04-21 00:00:00,1998-05-19 00:00:00,,65,0,60,False,20,1265,19980519,19980421,0,65,23,2,LINOD,49,1,49,49,LINOD,47,1,1,2,2,23,23,19980421,19980519
11039,57,LINOD,1,2,26,1998-04-21 00:00:00,1998-05-19 00:00:00,,65,0,28,False,19,5,611,19980519,19980421,0,65,26,2,LINOD,57,1,57,57,LINOD,47,1,1,2,2,26,26,19980421,19980519
11040,21,GREAL,,3,8,1998-04-22 00:00:00,1998-05-20 00:00:00,,18,84,0,20,True,10,218,84,19980520,19980422,0,18,84,8,3,GREAL,21,0,21,21,GREAL,32,0,0,3,3,8,8,19980422,19980520
11045,33,BOTTM,6,2,15,1998-04-23 00:00:00,1998-05-21 00:00:00,,70,58,0,15,False,2,5,108,08,19980521,19980423,0,70,58,15,2,BOTTM,33,6,33,33,BOTTM,10,6,6,2,2,15,15,19980423,19980521
11045,51,BOTTM,6,2,24,1998-04-23 00:00:00,1998-05-21 00:00:00,,70,58,0,24,False,53,1342,58,19980521,19980423,0,70,58,24,2,BOTTM,51,6,51,51,BOTTM,10,6,6,2,2,24,24,19980423,19980521
11051,24,LAMAI,7,3,10,1998-04-27 00:00:00,1998-05-25 00:00:00,,2,79,0,2,10,False,4,5,38,79,19980525,19980427,0,2,79,10,3,LAMAI,24,7,24,24,LAMAI,41,7,7,3,3,10,10,19980427,19980525
11054,33,CACTU,8,1,15,1998-04-28 00:00:00,1998-05-26 00:00:00,,0,33,0,10,False,2,5,25,33,19980526,19980428,0,0,33,15,1,CACTU,33,8,33,33,CACTU,12,8,8,1,1,15,15,19980428,19980526
11054,67,CACTU,8,1,16,1998-04-28 00:00:00,1998-05-26 00:00:00,,0,33,0,20,False,14,280,33,19980526,19980428,0,0,33,16,1,CACTU,67,8,67,67,CACTU,12,8,8,1,1,16,16,19980428,19980526
11058,21,BLAUS,,3,8,1998-04-29 00:00:00,1998-05-27 00:00:00,,31,14,0,3,True,10,61,14,19980527,19980429,0,31,14,8,3,BLAUS,21,0,21,21,BLAUS,6,0,0,3,3,8,8,19980429,19980527
11058,60,BLAUS,,3,28,1998-04-29 00:00:00,1998-05-27 00:00:00,,31,14,0,21,True,34,745,14,19980527,19980429,0,31,14,28,3,BLAUS,60,0,60,60,BLAUS,6,0,0,3,3,28,28,19980429,19980527
11058,61,BLAUS,,3,29,1998-04-29 00:00:00,1998-05-27 00:00:00,,31,14,0,4,True,28,5,145,14,19980527,19980429,0,31,14,29,3,BLAUS,61,0,61,61,BLAUS,6,0,0,3,3,29,29,19980429,19980527
11059,13,RICAR,2,2,6,1998-04-29 00:00:00,1998-06-10 00:00:00,,85,8,0,30,False,6,265,8,19980610,19980429,0,85,8,6,2,RICAR,13,2,13,13,RICAR,67,2,2,2,2,6,6,19980429,19980610
11059,17,RICAR,2,2,7,1998-04-29 00:00:00,1998-06-10 00:00:00,,85,8,0,12,False,39,553,8,19980610,19980429,0,85,8,7,2,RICAR,17,2,17,17,RICAR,67,2,2,2,2,7,7,19980429,19980610
11059,60,RICAR,2,2,28,1998-04-29 00:00:00,1998-06-10 00:00:00,,85,8,0,35,False,34,1275,8,19980610,19980429,0,85,8,28,2,RICAR,60,2,60,60,RICAR,67,2,2,2,2,28,28,19980429,19980610
11061,60,GREAL,,3,28,1998-04-30 00:00:00,1998-06-11 00:00:00,,14,01,0,15,True,34,524,01,19980611,19980430,0,14,01,28,3,GREAL,60,0,60,60,GREAL,32,0,0,3,3,28,28,19980430,19980611
11062,53,REGGC,4,2,24,1998-04-30 00:00:00,1998-05-28 00:00:00,,29,93,0,2,10,False,32,8,292,33,19980528,19980430,0,29,93,24,2,REGGC,53,4,53,53,REGGC,66,4,4,2,2,24,24,19980430,19980528
11062,70,REGGC,4,2,7,1998-04-30 00:00:00,1998-05-28 00:00:00,,29,93,0,2,12,False,15,173,93,19980528,19980430,0,29,93,7,2,REGGC,70,4,70,70,REGGC,66,4,4,2,2,7,7,19980430,19980528
11065,30,LILAS,8,1,13,1998-05-01 00:00:00,1998-05-29 00:00:00,,12,91,0,25,4,False,25,89,90,58,19980529,19980501,0,12,91,13,1,LILAS,30,8,30,30,LILAS,46,8,8,1,1,13,13,19980501,19980529
11065,54,LILAS,8,1,25,1998-05-01 00:00:00,1998-05-29 00:00:00,,12,91,0,25,20,False,7,45,124,66,19980529,19980501,0,12,91,25,1,LILAS,54,8,54,54,LILAS,46,8,8,1,1,25,25,19980501,19980529
11068,28,QUEEN,8,2,12,1998-05-04 00:00:00,1998-06-01 00:00:00,,81,75,0,15000001,8,False,45,6,391,83,19980601,19980504,0,81,75,12,2,QUEEN,28,8,28,28,QUEEN,62,8,8,2,2,12,12,19980504,19980601
11068,43,QUEEN,8,2,20,1998-05-04 00:00:00,1998-06-01 00:00:00,,81,75,0,15000001,36,False,46,1489,35,19980601,19980504,0,81,75,20,2,QUEEN,43,8,43,43,QUEEN,62,8,8,2,2,20,20,19980504,19980601
11068,77,QUEEN,8,2,12,1998-05-04 00:00:00,1998-06-01 00:00:00,,81,75,0,15000001,28,False,13,391,15,19980601,19980504,0,81,75,12,2,QUEEN,77,8,77,77,QUEEN,62,8,8,2,2,12,12,19980504,19980601
11070,1,LEHMS,,1,1,1998-05-05 00:00:00,1998-06-02 00:00:00,,136,0,15000001,40,True,18,748,19980602,19980505,0,136,1,1,LEHMS,1,0,1,1,LEHMS,44,0,0,1,1,1,1,19980505,19980602
11070,2,LEHMS,,1,1,1998-05-05 00:00:00,1998-06-02 00:00:00,,136,0,15000001,20,True,19,459,19980602,19980505,0,136,1,1,LEHMS,2,0,2,2,LEHMS,44,0,0,1,1,1,1,19980505,19980602
11070,16,LEHMS,,1,7,1998-05-05 00:00:00,1998-06-02 00:00:00,,136,0,15000001,30,True,17,45,580,975,19980602,19980505,0,136,7,1,LEHMS,16,0,16,16,LEHMS,44,0,0,1,1,7,7,19980505,19980602
11070,31,LEHMS,,1,14,1998-05-05 00:00:00,1998-06-02 00:00:00,,136,0,20,True,12,5,386,19980602,19980505,0,136,14,1,LEHMS,31,0,31,31,LEHMS,44,0,0,1,1,14,14,19980505,19980602
11071,7,LILAS,1,1,3,1998-05-05 00:00:00,1998-06-02 00:00:00,,0,93,5,0000001E-2,15,False,30,428,43,19980602,19980505,0,0,93,3,1,LILAS,7,1,7,7,LILAS,46,1,1,1,1,3,3,19980505,19980602
11071,13,LILAS,1,1,6,1998-05-05 00:00:00,1998-06-02 00:00:00,,0,93,5,0000001E-2,10,False,6,57,93,19980602,19980505,0,0,93,6,1,LILAS,13,1,13,13,LILAS,46,1,1,1,1,6,6,19980505,19980602
11072,2,ERNSH,4,2,1,1998-05-05 00:00:00,1998-06-02 00:00:00,,258,64,0,8,False,19,410,64,19980602,19980505,0,258,64,1,2,ERNSH,2,4,2,2,ERNSH,20,4,4,2,2,1,1,19980505,19980602
11072,41,ERNSH,4,2,19,1998-05-05 00:00:00,1998-06-02 00:00:00,,258,64,0,40,False,9,65,644,64,19980602,19980505,0,258,64,19,2,ERNSH,41,4,41,41,ERNSH,20,4,4,2,2,19,19,19980505,19980602
11072,50,ERNSH,4,2,23,1998-05-05 00:00:00,1998-06-02 00:00:00,,258,64,0,22,False,16,25,616,14,19980602,19980505,0,258,64,23,2,ERNSH,50,4,50,50,ERNSH,20,4,4,2,2,23,23,19980505,19980602
11072,64,ERNSH,4,2,12,1998-05-05 00:00:00,1998-06-02 00:00:00,,258,64,0,130,False,33,25,4581,14,19980602,19980505,0,258,64,12,2,ERNSH,64,4,64,64,ERNSH,20,4,4,2,2,12,12,19980505,19980602
11073,11,PERIC,,2,5,1998-05-05 00:00:00,1998-06-02 00:00:00,,24,95,0,10,True,21,234,95,19980602,19980505,0,24,95,5,2,PERIC,11,0,11,11,PERIC,58,0,0,2,2,5,5,19980505,19980602
11073,24,PERIC,,2,10,1998-05-05 00:00:00,1998-06-02 00:00:00,,24,95,0,20,True,4,5,114,95,19980602,19980505,0,24,95,10,2,PERIC,24,0,24,24,PERIC,58,0,0,2,2,10,10,19980505,19980602
11074,16,SIMOB,7,2,7,1998-05-06 00:00:00,1998-06-03 00:00:00,,18,44,5,0000001E-2,14,False,17,45,250,525,19980603,19980506,0,18,44,7,2,SIMOB,16,7,16,16,SIMOB,73,7,7,2,2,7,7,19980506,19980603
11075,2,RICSU,8,2,1,1998-05-06 00:00:00,1998-06-03 00:00:00,,6,19,0,15000001,10,False,19,167,69,19980603,19980506,0,6,19,1,2,RICSU,2,8,2,2,RICSU,68,8,8,2,2,1,1,19980506,19980603
11075,46,RICSU,8,2,21,1998-05-06 00:00:00,1998-06-03 00:00:00,,6,19,0,15000001,30,False,12,312,19,19980603,19980506,0,6,19,21,2,RICSU,46,8,46,46,RICSU,68,8,8,2,2,21,21,19980506,19980603
11075,76,RICSU,8,2,23,1998-05-06 00:00:00,1998-06-03 00:00:00,,6,19,0,15000001,2,False,18,36,79,19980603,19980506,0,6,19,23,2,RICSU,76,8,76,76,RICSU,68,8,8,2,2,23,23,19980506,19980603
11076,6,BONAP,,2,3,1998-05-06 00:00:00,1998-06-03 00:00:00,,38,28,0,25,20,True,25,413,28,19980603,19980506,0,38,28,3,2,BONAP,6,0,6,6,BONAP,9,0,0,2,2,3,3,19980506,19980603
11076,14,BONAP,,2,6,1998-05-06 00:00:00,1998-06-03 00:00:00,,38,28,0,25,20,True,23,25,387,03,19980603,19980506,0,38,28,6,2,BONAP,14,0,14,14,BONAP,9,0,0,2,2,6,6,19980506,19980603
11076,19,BONAP,,2,8,1998-05-06 00:00:00,1998-06-03 00:00:00,,38,28,0,25,10,True,9,2,107,28,19980603,19980506,0,38,28,8,2,BONAP,19,0,19,19,BONAP,9,0,0,2,2,8,8,19980506,19980603
11077,2,RATTC,1,2,1,1998-05-06 00:00:00,1998-06-03 00:00:00,,8,53,0,2,24,False,19,373,33,19980603,19980506,0,8,53,1,2,RATTC,2,1,2,2,RATTC,65,1,1,2,2,1,1,19980506,19980603
11077,3,RATTC,1,2,1,1998-05-06 00:00:00,1998-06-03 00:00:00,,8,53,0,4,False,10,48,53,19980603,19980506,0,8,53,1,2,RATTC,3,1,3,3,RATTC,65,1,1,2,2,1,1,19980506,19980603
11077,4,RATTC,1,2,2,1998-05-06 00:00:00,1998-06-03 00:00:00,,8,53,0,1,False,22,30,53,19980603,19980506,0,8,53,2,2,RATTC,4,1,4,4,RATTC,65,1,1,2,2,2,2,19980506,19980603
11077,6,RATTC,1,2,3,1998-05-06 00:00:00,1998-06-03 00:00:00,,8,53,0,02,1,False,25,33,03,19980603,19980506,0,8,53,3,2,RATTC,6,1,6,6,RATTC,65,1,1,2,2,3,3,19980506,19980603
11077,7,RATTC,1,2,3,1998-05-06 00:00:00,1998-06-03 00:00:00,,8,53,5,0000001E-2,1,False,30,37,03,19980603,19980506,0,8,53,3,2,RATTC,7,1,7,7,RATTC,65,1,1,2,2,3,3,19980506,19980603
11077,8,RATTC,1,2,3,1998-05-06 00:00:00,1998-06-03 00:00:00,,8,53,0,1,2,False,40,80,53,19980603,19980506,0,8,53,3,2,RATTC,8,1,8,8,RATTC,65,1,1,2,2,3,3,19980506,19980603
11077,10,RATTC,1,2,4,1998-05-06 00:00:00,1998-06-03 00:00:00,,8,53,0,1,False,31,39,53,19980603,19980506,0,8,53,4,2,RATTC,10,1,10,10,RATTC,65,1,1,2,2,4,4,19980506,19980603
11077,12,RATTC,1,2,5,1998-05-06 00:00:00,1998-06-03 00:00:00,,8,53,5,0000001E-2,2,False,38,80,73,19980603,19980506,0,8,53,5,2,RATTC,12,1,12,12,RATTC,65,1,1,2,2,5,5,19980506,19980603
11077,13,RATTC,1,2,6,1998-05-06 00:00:00,1998-06-03 00:00:00,,8,53,0,4,False,6,32,53,19980603,19980506,0,8,53,6,2,RATTC,13,1,13,13,RATTC,65,1,1,2,2,6,6,19980506,19980603
11077,14,RATTC,1,2,6,1998-05-06 00:00:00,1998-06-03 00:00:00,,8,53,2,9999999E-2,1,False,23,25,31,0825,19980603,19980506,0,8,53,6,2,RATTC,14,1,14,14,RATTC,65,1,1,2,2,6,6,19980506,19980603
11077,16,RATTC,1,2,7,1998-05-06 00:00:00,1998-06-03 00:00:00,,8,53,2,9999999E-2,2,False,17,45,42,383,19980603,19980506,0,8,53,7,2,RATTC,16,1,16,16,RATTC,65,1,1,2,2,7,7,19980506,19980603
11077,20,RATTC,1,2,8,1998-05-06 00:00:00,1998-06-03 00:00:00,,8,53,3,9999999E-2,1,False,81,86,29,19980603,19980506,0,8,53,8,2,RATTC,20,1,20,20,RATTC,65,1,1,2,2,8,8,19980506,19980603
11077,23,RATTC,1,2,9,1998-05-06 00:00:00,1998-06-03 00:00:00,,8,53,0,2,False,9,26,53,19980603,19980506,0,8,53,9,2,RATTC,23,1,23,23,RATTC,65,1,1,2,2,9,9,19980506,19980603
11077,32,RATTC,1,2,14,1998-05-06 00:00:00,1998-06-03 00:00:00,,8,53,0,1,False,32,40,53,19980603,19980506,0,8,53,14,2,RATTC,32,1,32,32,RATTC,65,1,1,2,2,14,14,19980506,19980603
11077,39,RATTC,1,2,18,1998-05-06 00:00:00,1998-06-03 00:00:00,,8,53,5,0000001E-2,2,False,18,42,73,19980603,19980506,0,8,53,18,2,RATTC,39,1,39,39,RATTC,65,1,1,2,2,18,18,19980506,19980603
11077,41,RATTC,1,2,19,1998-05-06 00:00:00,1998-06-03 00:00:00,,8,53,0,3,False,9,65,37,48,19980603,19980506,0,8,53,19,2,RATTC,41,1,41,41,RATTC,65,1,1,2,2,19,19,19980506,19980603
11077,46,RATTC,1,2,21,1998-05-06 00:00:00,1998-06-03 00:00:00,,8,53,0,02,3,False,12,43,81,19980603,19980506,0,8,53,21,2,RATTC,46,1,46,46,RATTC,65,1,1,2,2,21,21,19980506,19980603
11077,52,RATTC,1,2,24,1998-05-06 00:00:00,1998-06-03 00:00:00,,8,53,0,2,False,7,22,53,19980603,19980506,0,8,53,24,2,RATTC,52,1,52,52,RATTC,65,1,1,2,2,24,24,19980506,19980603
11077,55,RATTC,1,2,25,1998-05-06 00:00:00,1998-06-03 00:00:00,,8,53,0,2,False,24,56,53,19980603,19980506,0,8,53,25,2,RATTC,55,1,55,55,RATTC,65,1,1,2,2,25,25,19980506,19980603
11077,60,RATTC,1,2,28,1998-05-06 00:00:00,1998-06-03 00:00:00,,8,53,5,9999999E-2,2,False,34,72,45,19980603,19980506,0,8,53,28,2,RATTC,60,1,60,60,RATTC,65,1,1,2,2,28,28,19980506,19980603
11077,64,RATTC,1,2,12,1998-05-06 00:00:00,1998-06-03 00:00:00,,8,53,2,9999999E-2,2,False,33,25,73,035,19980603,19980506,0,8,53,12,2,RATTC,64,1,64,64,RATTC,65,1,1,2,2,12,12,19980506,19980603
11077,66,RATTC,1,2,2,1998-05-06 00:00:00,1998-06-03 00:00:00,,8,53,0,1,False,17,25,53,19980603,19980506,0,8,53,2,2,RATTC,66,1,66,66,RATTC,65,1,1,2,2,2,2,19980506,19980603
11077,73,RATTC,1,2,17,1998-05-06 00:00:00,1998-06-03 00:00:00,,8,53,9,9999998E-3,2,False,15,38,23,19980603,19980506,0,8,53,17,2,RATTC,73,1,73,73,RATTC,65,1,1,2,2,17,17,19980506,19980603
11077,75,RATTC,1,2,12,1998-05-06 00:00:00,1998-06-03 00:00:00,,8,53,0,4,False,7,75,39,53,19980603,19980506,0,8,53,12,2,RATTC,75,1,75,75,RATTC,65,1,1,2,2,12,12,19980506,19980603
11077,77,RATTC,1,2,12,1998-05-06 00:00:00,1998-06-03 00:00:00,,8,53,0,2,False,13,34,53,19980603,19980506,0,8,53,12,2,RATTC,77,1,77,77,RATTC,65,1,1,2,2,12,12,19980506,19980603
11008,28,ERNSH,7,3,12,1998-04-08 00:00:00,1998-05-06 00:00:00,,79,46,5,0000001E-2,70,False,45,6,3111,86,19980506,19980408,0,79,46,12,3,ERNSH,28,7,28,28,ERNSH,20,7,7,3,3,12,12,19980408,19980506
11008,34,ERNSH,7,3,16,1998-04-08 00:00:00,1998-05-06 00:00:00,,79,46,5,0000001E-2,90,False,14,1276,46,19980506,19980408,0,79,46,16,3,ERNSH,34,7,34,34,ERNSH,20,7,7,3,3,16,16,19980408,19980506
11008,71,ERNSH,7,3,15,1998-04-08 00:00:00,1998-05-06 00:00:00,,79,46,0,21,False,21,5,530,96,19980506,19980408,0,79,46,15,3,ERNSH,71,7,71,71,ERNSH,20,7,7,3,3,15,15,19980408,19980506
11019,46,RANCH,,3,21,1998-04-13 00:00:00,1998-05-11 00:00:00,,3,17,0,3,True,12,39,17,19980511,19980413,0,3,17,21,3,RANCH,46,0,46,46,RANCH,64,0,0,3,3,21,21,19980413,19980511
11019,49,RANCH,,3,23,1998-04-13 00:00:00,1998-05-11 00:00:00,,3,17,0,2,True,20,43,17,19980511,19980413,0,3,17,23,3,RANCH,49,0,49,49,RANCH,64,0,0,3,3,23,23,19980413,19980511
11039,28,LINOD,1,2,12,1998-04-21 00:00:00,1998-05-19 00:00:00,,65,0,20,False,45,6,977,19980519,19980421,0,65,12,2,LINOD,28,1,28,28,LINOD,47,1,1,2,2,12,12,19980421,19980519
11039,35,LINOD,1,2,16,1998-04-21 00:00:00,1998-05-19 00:00:00,,65,0,24,False,18,497,19980519,19980421,0,65,16,2,LINOD,35,1,35,35,LINOD,47,1,1,2,2,16,16,19980421,19980519
11039,49,LINOD,1,2,23,1998-04-21 00:00:00,1998-05-19 00:00:00,,65,0,60,False,20,1265,19980519,19980421,0,65,23,2,LINOD,49,1,49,49,LINOD,47,1,1,2,2,23,23,19980421,19980519
11039,57,LINOD,1,2,26,1998-04-21 00:00:00,1998-05-19 00:00:00,,65,0,28,False,19,5,611,19980519,19980421,0,65,26,2,LINOD,57,1,57,57,LINOD,47,1,1,2,2,26,26,19980421,19980519
11040,21,GREAL,,3,8,1998-04-22 00:00:00,1998-05-20 00:00:00,,18,84,0,20,True,10,218,84,19980520,19980422,0,18,84,8,3,GREAL,21,0,21,21,GREAL,32,0,0,3,3,8,8,19980422,19980520
11045,33,BOTTM,6,2,15,1998-04-23 00:00:00,1998-05-21 00:00:00,,70,58,0,15,False,2,5,108,08,19980521,19980423,0,70,58,15,2,BOTTM,33,6,33,33,BOTTM,10,6,6,2,2,15,15,19980423,19980521
11045,51,BOTTM,6,2,24,1998-04-23 00:00:00,1998-05-21 00:00:00,,70,58,0,24,False,53,1342,58,19980521,19980423,0,70,58,24,2,BOTTM,51,6,51,51,BOTTM,10,6,6,2,2,24,24,19980423,19980521
11051,24,LAMAI,7,3,10,1998-04-27 00:00:00,1998-05-25 00:00:00,,2,79,0,2,10,False,4,5,38,79,19980525,19980427,0,2,79,10,3,LAMAI,24,7,24,24,LAMAI,41,7,7,3,3,10,10,19980427,19980525
11054,33,CACTU,8,1,15,1998-04-28 00:00:00,1998-05-26 00:00:00,,0,33,0,10,False,2,5,25,33,19980526,19980428,0,0,33,15,1,CACTU,33,8,33,33,CACTU,12,8,8,1,1,15,15,19980428,19980526
11054,67,CACTU,8,1,16,1998-04-28 00:00:00,1998-05-26 00:00:00,,0,33,0,20,False,14,280,33,19980526,19980428,0,0,33,16,1,CACTU,67,8,67,67,CACTU,12,8,8,1,1,16,16,19980428,19980526
11058,21,BLAUS,,3,8,1998-04-29 00:00:00,1998-05-27 00:00:00,,31,14,0,3,True,10,61,14,19980527,19980429,0,31,14,8,3,BLAUS,21,0,21,21,BLAUS,6,0,0,3,3,8,8,19980429,19980527
11058,60,BLAUS,,3,28,1998-04-29 00:00:00,1998-05-27 00:00:00,,31,14,0,21,True,34,745,14,19980527,19980429,0,31,14,28,3,BLAUS,60,0,60,60,BLAUS,6,0,0,3,3,28,28,19980429,19980527
11058,61,BLAUS,,3,29,1998-04-29 00:00:00,1998-05-27 00:00:00,,31,14,0,4,True,28,5,145,14,19980527,19980429,0,31,14,29,3,BLAUS,61,0,61,61,BLAUS,6,0,0,3,3,29,29,19980429,19980527
11059,13,RICAR,2,2,6,1998-04-29 00:00:00,1998-06-10 00:00:00,,85,8,0,30,False,6,265,8,19980610,19980429,0,85,8,6,2,RICAR,13,2,13,13,RICAR,67,2,2,2,2,6,6,19980429,19980610
11059,17,RICAR,2,2,7,1998-04-29 00:00:00,1998-06-10 00:00:00,,85,8,0,12,False,39,553,8,19980610,19980429,0,85,8,7,2,RICAR,17,2,17,17,RICAR,67,2,2,2,2,7,7,19980429,19980610
11059,60,RICAR,2,2,28,1998-04-29 00:00:00,1998-06-10 00:00:00,,85,8,0,35,False,34,1275,8,19980610,19980429,0,85,8,28,2,RICAR,60,2,60,60,RICAR,67,2,2,2,2,28,28,19980429,19980610
11061,60,GREAL,,3,28,1998-04-30 00:00:00,1998-06-11 00:00:00,,14,01,0,15,True,34,524,01,19980611,19980430,0,14,01,28,3,GREAL,60,0,60,60,GREAL,32,0,0,3,3,28,28,19980430,19980611
11062,53,REGGC,4,2,24,1998-04-30 00:00:00,1998-05-28 00:00:00,,29,93,0,2,10,False,32,8,292,33,19980528,19980430,0,29,93,24,2,REGGC,53,4,53,53,REGGC,66,4,4,2,2,24,24,19980430,19980528
11062,70,REGGC,4,2,7,1998-04-30 00:00:00,1998-05-28 00:00:00,,29,93,0,2,12,False,15,173,93,19980528,19980430,0,29,93,7,2,REGGC,70,4,70,70,REGGC,66,4,4,2,2,7,7,19980430,19980528
11065,30,LILAS,8,1,13,1998-05-01 00:00:00,1998-05-29 00:00:00,,12,91,0,25,4,False,25,89,90,58,19980529,19980501,0,12,91,13,1,LILAS,30,8,30,30,LILAS,46,8,8,1,1,13,13,19980501,19980529
11065,54,LILAS,8,1,25,1998-05-01 00:00:00,1998-05-29 00:00:00,,12,91,0,25,20,False,7,45,124,66,19980529,19980501,0,12,91,25,1,LILAS,54,8,54,54,LILAS,46,8,8,1,1,25,25,19980501,19980529
11068,28,QUEEN,8,2,12,1998-05-04 00:00:00,1998-06-01 00:00:00,,81,75,0,15000001,8,False,45,6,391,83,19980601,19980504,0,81,75,12,2,QUEEN,28,8,28,28,QUEEN,62,8,8,2,2,12,12,19980504,19980601
11068,43,QUEEN,8,2,20,1998-05-04 00:00:00,1998-06-01 00:00:00,,81,75,0,15000001,36,False,46,1489,35,19980601,19980504,0,81,75,20,2,QUEEN,43,8,43,43,QUEEN,62,8,8,2,2,20,20,19980504,19980601
11068,77,QUEEN,8,2,12,1998-05-04 00:00:00,1998-06-01 00:00:00,,81,75,0,15000001,28,False,13,391,15,19980601,19980504,0,81,75,12,2,QUEEN,77,8,77,77,QUEEN,62,8,8,2,2,12,12,19980504,19980601
11070,1,LEHMS,,1,1,1998-05-05 00:00:00,1998-06-02 00:00:00,,136,0,15000001,40,True,18,748,19980602,19980505,0,136,1,1,LEHMS,1,0,1,1,LEHMS,44,0,0,1,1,1,1,19980505,19980602
11070,2,LEHMS,,1,1,1998-05-05 00:00:00,1998-06-02 00:00:00,,136,0,15000001,20,True,19,459,19980602,19980505,0,136,1,1,LEHMS,2,0,2,2,LEHMS,44,0,0,1,1,1,1,19980505,19980602
11070,16,LEHMS,,1,7,1998-05-05 00:00:00,1998-06-02 00:00:00,,136,0,15000001,30,True,17,45,580,975,19980602,19980505,0,136,7,1,LEHMS,16,0,16,16,LEHMS,44,0,0,1,1,7,7,19980505,19980602
11070,31,LEHMS,,1,14,1998-05-05 00:00:00,1998-06-02 00:00:00,,136,0,20,True,12,5,386,19980602,19980505,0,136,14,1,LEHMS,31,0,31,31,LEHMS,44,0,0,1,1,14,14,19980505,19980602
11071,7,LILAS,1,1,3,1998-05-05 00:00:00,1998-06-02 00:00:00,,0,93,5,0000001E-2,15,False,30,428,43,19980602,19980505,0,0,93,3,1,LILAS,7,1,7,7,LILAS,46,1,1,1,1,3,3,19980505,19980602
11071,13,LILAS,1,1,6,1998-05-05 00:00:00,1998-06-02 00:00:00,,0,93,5,0000001E-2,10,False,6,57,93,19980602,19980505,0,0,93,6,1,LILAS,13,1,13,13,LILAS,46,1,1,1,1,6,6,19980505,19980602
11072,2,ERNSH,4,2,1,1998-05-05 00:00:00,1998-06-02 00:00:00,,258,64,0,8,False,19,410,64,19980602,19980505,0,258,64,1,2,ERNSH,2,4,2,2,ERNSH,20,4,4,2,2,1,1,19980505,19980602
11072,41,ERNSH,4,2,19,1998-05-05 00:00:00,1998-06-02 00:00:00,,258,64,0,40,False,9,65,644,64,19980602,19980505,0,258,64,19,2,ERNSH,41,4,41,41,ERNSH,20,4,4,2,2,19,19,19980505,19980602
11072,50,ERNSH,4,2,23,1998-05-05 00:00:00,1998-06-02 00:00:00,,258,64,0,22,False,16,25,616,14,19980602,19980505,0,258,64,23,2,ERNSH,50,4,50,50,ERNSH,20,4,4,2,2,23,23,19980505,19980602
11072,64,ERNSH,4,2,12,1998-05-05 00:00:00,1998-06-02 00:00:00,,258,64,0,130,False,33,25,4581,14,19980602,19980505,0,258,64,12,2,ERNSH,64,4,64,64,ERNSH,20,4,4,2,2,12,12,19980505,19980602
11073,11,PERIC,,2,5,1998-05-05 00:00:00,1998-06-02 00:00:00,,24,95,0,10,True,21,234,95,19980602,19980505,0,24,95,5,2,PERIC,11,0,11,11,PERIC,58,0,0,2,2,5,5,19980505,19980602
11073,24,PERIC,,2,10,1998-05-05 00:00:00,1998-06-02 00:00:00,,24,95,0,20,True,4,5,114,95,19980602,19980505,0,24,95,10,2,PERIC,24,0,24,24,PERIC,58,0,0,2,2,10,10,19980505,19980602
11074,16,SIMOB,7,2,7,1998-05-06 00:00:00,1998-06-03 00:00:00,,18,44,5,0000001E-2,14,False,17,45,250,525,19980603,19980506,0,18,44,7,2,SIMOB,16,7,16,16,SIMOB,73,7,7,2,2,7,7,19980506,19980603
11075,2,RICSU,8,2,1,1998-05-06 00:00:00,1998-06-03 00:00:00,,6,19,0,15000001,10,False,19,167,69,19980603,19980506,0,6,19,1,2,RICSU,2,8,2,2,RICSU,68,8,8,2,2,1,1,19980506,19980603
11075,46,RICSU,8,2,21,1998-05-06 00:00:00,1998-06-03 00:00:00,,6,19,0,15000001,30,False,12,312,19,19980603,19980506,0,6,19,21,2,RICSU,46,8,46,46,RICSU,68,8,8,2,2,21,21,19980506,19980603
11075,76,RICSU,8,2,23,1998-05-06 00:00:00,1998-06-03 00:00:00,,6,19,0,15000001,2,False,18,36,79,19980603,19980506,0,6,19,23,2,RICSU,76,8,76,76,RICSU,68,8,8,2,2,23,23,19980506,19980603
11076,6,BONAP,,2,3,1998-05-06 00:00:00,1998-06-03 00:00:00,,38,28,0,25,20,True,25,413,28,19980603,19980506,0,38,28,3,2,BONAP,6,0,6,6,BONAP,9,0,0,2,2,3,3,19980506,19980603
11076,14,BONAP,,2,6,1998-05-06 00:00:00,1998-06-03 00:00:00,,38,28,0,25,20,True,23,25,387,03,19980603,19980506,0,38,28,6,2,BONAP,14,0,14,14,BONAP,9,0,0,2,2,6,6,19980506,19980603
11076,19,BONAP,,2,8,1998-05-06 00:00:00,1998-06-03 00:00:00,,38,28,0,25,10,True,9,2,107,28,19980603,19980506,0,38,28,8,2,BONAP,19,0,19,19,BONAP,9,0,0,2,2,8,8,19980506,19980603
11077,2,RATTC,1,2,1,1998-05-06 00:00:00,1998-06-03 00:00:00,,8,53,0,2,24,False,19,373,33,19980603,19980506,0,8,53,1,2,RATTC,2,1,2,2,RATTC,65,1,1,2,2,1,1,19980506,19980603
11077,3,RATTC,1,2,1,1998-05-06 00:00:00,1998-06-03 00:00:00,,8,53,0,4,False,10,48,53,19980603,19980506,0,8,53,1,2,RATTC,3,1,3,3,RATTC,65,1,1,2,2,1,1,19980506,19980603
11077,4,RATTC,1,2,2,1998-05-06 00:00:00,1998-06-03 00:00:00,,8,53,0,1,False,22,30,53,19980603,19980506,0,8,53,2,2,RATTC,4,1,4,4,RATTC,65,1,1,2,2,2,2,19980506,19980603
11077,6,RATTC,1,2,3,1998-05-06 00:00:00,1998-06-03 00:00:00,,8,53,0,02,1,False,25,33,03,19980603,19980506,0,8,53,3,2,RATTC,6,1,6,6,RATTC,65,1,1,2,2,3,3,19980506,19980603
11077,7,RATTC,1,2,3,1998-05-06 00:00:00,1998-06-03 00:00:00,,8,53,5,0000001E-2,1,False,30,37,03,19980603,19980506,0,8,53,3,2,RATTC,7,1,7,7,RATTC,65,1,1,2,2,3,3,19980506,19980603
11077,8,RATTC,1,2,3,1998-05-06 00:00:00,1998-06-03 00:00:00,,8,53,0,1,2,False,40,80,53,19980603,19980506,0,8,53,3,2,RATTC,8,1,8,8,RATTC,65,1,1,2,2,3,3,19980506,19980603
11077,10,RATTC,1,2,4,1998-05-06 00:00:00,1998-06-03 00:00:00,,8,53,0,1,False,31,39,53,19980603,19980506,0,8,53,4,2,RATTC,10,1,10,10,RATTC,65,1,1,2,2,4,4,19980506,19980603
11077,12,RATTC,1,2,5,1998-05-06 00:00:00,1998-06-03 00:00:00,,8,53,5,0000001E-2,2,False,38,80,73,19980603,19980506,0,8,53,5,2,RATTC,12,1,12,12,RATTC,65,1,1,2,2,5,5,19980506,19980603
11077,13,RATTC,1,2,6,1998-05-06 00:00:00,1998-06-03 00:00:00,,8,53,0,4,False,6,32,53,19980603,19980506,0,8,53,6,2,RATTC,13,1,13,13,RATTC,65,1,1,2,2,6,6,19980506,19980603
11077,14,RATTC,1,2,6,1998-05-06 00:00:00,1998-06-03 00:00:00,,8,53,2,9999999E-2,1,False,23,25,31,0825,19980603,19980506,0,8,53,6,2,RATTC,14,1,14,14,RATTC,65,1,1,2,2,6,6,19980506,19980603
11077,16,RATTC,1,2,7,1998-05-06 00:00:00,1998-06-03 00:00:00,,8,53,2,9999999E-2,2,False,17,45,42,383,19980603,19980506,0,8,53,7,2,RATTC,16,1,16,16,RATTC,65,1,1,2,2,7,7,19980506,19980603
11077,20,RATTC,1,2,8,1998-05-06 00:00:00,1998-06-03 00:00:00,,8,53,3,9999999E-2,1,False,81,86,29,19980603,19980506,0,8,53,8,2,RATTC,20,1,20,20,RATTC,65,1,1,2,2,8,8,19980506,19980603
11077,23,RATTC,1,2,9,1998-05-06 00:00:00,1998-06-03 00:00:00,,8,53,0,2,False,9,26,53,19980603,19980506,0,8,53,9,2,RATTC,23,1,23,23,RATTC,65,1,1,2,2,9,9,19980506,19980603
11077,32,RATTC,1,2,14,1998-05-06 00:00:00,1998-06-03 00:00:00,,8,53,0,1,False,32,40,53,19980603,19980506,0,8,53,14,2,RATTC,32,1,32,32,RATTC,65,1,1,2,2,14,14,19980506,19980603
11077,39,RATTC,1,2,18,1998-05-06 00:00:00,1998-06-03 00:00:00,,8,53,5,0000001E-2,2,False,18,42,73,19980603,19980506,0,8,53,18,2,RATTC,39,1,39,39,RATTC,65,1,1,2,2,18,18,19980506,19980603
11077,41,RATTC,1,2,19,1998-05-06 00:00:00,1998-06-03 00:00:00,,8,53,0,3,False,9,65,37,48,19980603,19980506,0,8,53,19,2,RATTC,41,1,41,41,RATTC,65,1,1,2,2,19,19,19980506,19980603
11077,46,RATTC,1,2,21,1998-05-06 00:00:00,1998-06-03 00:00:00,,8,53,0,02,3,False,12,43,81,19980603,19980506,0,8,53,21,2,RATTC,46,1,46,46,RATTC,65,1,1,2,2,21,21,19980506,19980603
11077,52,RATTC,1,2,24,1998-05-06 00:00:00,1998-06-03 00:00:00,,8,53,0,2,False,7,22,53,19980603,19980506,0,8,53,24,2,RATTC,52,1,52,52,RATTC,65,1,1,2,2,24,24,19980506,19980603
11077,55,RATTC,1,2,25,1998-05-06 00:00:00,1998-06-03 00:00:00,,8,53,0,2,False,24,56,53,19980603,19980506,0,8,53,25,2,RATTC,55,1,55,55,RATTC,65,1,1,2,2,25,25,19980506,19980603
11077,60,RATTC,1,2,28,1998-05-06 00:00:00,1998-06-03 00:00:00,,8,53,5,9999999E-2,2,False,34,72,45,19980603,19980506,0,8,53,28,2,RATTC,60,1,60,60,RATTC,65,1,1,2,2,28,28,19980506,19980603
11077,64,RATTC,1,2,12,1998-05-06 00:00:00,1998-06-03 00:00:00,,8,53,2,9999999E-2,2,False,33,25,73,035,19980603,19980506,0,8,53,12,2,RATTC,64,1,64,64,RATTC,65,1,1,2,2,12,12,19980506,19980603
11077,66,RATTC,1,2,2,1998-05-06 00:00:00,1998-06-03 00:00:00,,8,53,0,1,False,17,25,53,19980603,19980506,0,8,53,2,2,RATTC,66,1,66,66,RATTC,65,1,1,2,2,2,2,19980506,19980603
11077,73,RATTC,1,2,17,1998-05-06 00:00:00,1998-06-03 00:00:00,,8,53,9,9999998E-3,2,False,15,38,23,19980603,19980506,0,8,53,17,2,RATTC,73,1,73,73,RATTC,65,1,1,2,2,17,17,19980506,19980603
11077,75,RATTC,1,2,12,1998-05-06 00:00:00,1998-06-03 00:00:00,,8,53,0,4,False,7,75,39,53,19980603,19980506,0,8,53,12,2,RATTC,75,1,75,75,RATTC,65,1,1,2,2,12,12,19980506,19980603
11077,77,RATTC,1,2,12,1998-05-06 00:00:00,1998-06-03 00:00:00,,8,53,0,2,False,13,34,53,19980603,19980506,0,8,53,12,2,RATTC,77,1,77,77,RATTC,65,1,1,2,2,12,12,19980506,19980603
